2
82
3 3 5 5 3 3 6 3 3 5 3 3 3 5 3 3 4 3 3 4 5 3 3 7 3 4 4 3 3 3 7 3 3 3 3 5 3 3 3 4 5 3 4 4 4 3 5 3 3 4 3 3 4 3 3 4 4 7 6 7 5 4 3 3 3 4 5 3 3 4 3 5 7 3 7 3 4 5 3 3 3 15
2
3 7
891
1 8
1 41
2 33
2 5
2 14
5 14
6 71
6 61
8 41
9 54
9 1
9 41
11 3
12 33
12 5
12 14
1 8
1 41
13 57
13 7
13 67
15 65
15 8
15 41
16 45
16 67
5 14
17 70
17 57
17 67
17 41
18 64
18 32
18 36
19 72
20 7
20 19
20 60
20 67
20 47
20 72
22 28
22 50
22 67
23 65
23 8
23 41
25 64
25 32
25 36
26 66
26 37
26 14
26 67
27 28
27 57
27 50
27 67
27 3
13 57
13 7
13 67
28 50
28 67
29 70
29 57
29 67
30 16
30 45
30 67
32 36
33 5
33 14
34 63
34 39
34 14
35 69
35 13
35 67
27 28
27 57
27 50
27 67
27 3
16 45
16 67
37 66
37 14
37 67
38 28
38 50
38 67
15 65
15 8
15 41
12 33
12 5
12 14
22 28
22 50
22 67
27 28
27 57
27 50
27 67
27 3
39 5
39 14
40 60
40 67
40 47
40 72
42 7
42 67
43 60
43 77
43 67
43 47
43 72
44 56
44 67
44 36
35 69
35 13
35 67
13 57
13 7
13 67
19 72
45 1
45 71
45 7
45 67
45 41
1 8
1 41
26 66
26 37
26 14
26 67
46 11
46 3
44 56
44 67
44 36
8 41
9 54
9 1
9 41
48 44
48 56
48 67
49 54
49 1
49 41
48 44
48 56
48 67
50 11
50 7
50 67
50 3
51 42
51 7
51 67
49 54
49 1
49 41
18 64
18 32
18 36
11 3
17 70
17 57
17 67
17 41
5 14
6 71
6 61
8 41
52 46
52 11
52 3
53 60
53 77
53 67
53 47
53 72
9 54
9 1
9 41
54 1
54 41
46 11
46 3
32 36
48 44
48 56
48 67
12 33
12 5
12 14
46 11
46 3
29 70
29 57
29 67
55 6
55 71
55 61
56 32
56 7
56 67
56 36
57 1
57 7
57 67
57 41
16 45
16 67
54 1
54 41
28 50
28 67
59 42
59 7
59 21
59 67
59 10
46 11
46 3
60 66
60 57
60 56
60 50
60 13
60 45
60 7
60 39
60 19
60 14
60 67
60 47
60 72
44 56
44 67
44 36
40 60
40 67
40 47
40 72
34 63
34 39
34 14
56 32
56 7
56 67
56 36
54 1
54 41
30 16
30 45
30 67
50 11
50 7
50 67
50 3
12 33
12 5
12 14
49 54
49 1
49 41
23 65
23 8
23 41
17 70
17 57
17 67
17 41
30 16
30 45
30 67
62 44
62 56
62 67
62 36
22 28
22 50
22 67
63 39
63 14
2 33
2 5
2 14
5 14
64 32
64 36
6 71
6 61
15 65
15 8
15 41
65 8
65 41
66 5
66 7
66 14
66 67
45 1
45 71
45 7
45 67
45 41
40 60
40 67
40 47
40 72
68 80
68 19
68 72
69 13
69 67
12 33
12 5
12 14
69 13
69 67
70 57
70 67
70 41
71 61
57 1
57 7
57 67
57 41
70 57
70 67
70 41
53 60
53 77
53 67
53 47
53 72
53 60
53 77
53 67
53 47
53 72
2 33
2 5
2 14
64 32
64 36
27 28
27 57
27 50
27 67
27 3
37 66
37 14
37 67
46 11
46 3
43 60
43 77
43 67
43 47
43 72
30 16
30 45
30 67
54 1
54 41
69 13
69 67
13 57
13 7
13 67
28 50
28 67
56 32
56 7
56 67
56 36
35 69
35 13
35 67
38 28
38 50
38 67
50 11
50 7
50 67
50 3
27 28
27 57
27 50
27 67
27 3
74 46
74 11
74 3
46 11
46 3
28 50
28 67
13 57
13 7
13 67
68 80
68 19
68 72
76 63
76 39
76 14
15 65
15 8
15 41
77 60
77 67
77 47
77 72
51 42
51 7
51 67
11 3
19 72
60 66
60 57
60 56
60 50
60 13
60 45
60 7
60 39
60 19
60 14
60 67
60 47
60 72
69 13
69 67
25 64
25 32
25 36
52 46
52 11
52 3
29 70
29 57
29 67
39 5
39 14
23 65
23 8
23 41
19 72
66 5
66 7
66 14
66 67
44 56
44 67
44 36
37 66
37 14
37 67
43 60
43 77
43 67
43 47
43 72
18 64
18 32
18 36
6 71
6 61
37 66
37 14
37 67
60 66
60 57
60 56
60 50
60 13
60 45
60 7
60 39
60 19
60 14
60 67
60 47
60 72
34 63
34 39
34 14
25 64
25 32
25 36
1 8
1 41
46 11
46 3
38 28
38 50
38 67
12 33
12 5
12 14
6 71
6 61
38 28
38 50
38 67
18 64
18 32
18 36
54 1
54 41
25 64
25 32
25 36
32 36
59 42
59 7
59 21
59 67
59 10
50 11
50 7
50 67
50 3
68 80
68 19
68 72
32 36
20 7
20 19
20 60
20 67
20 47
20 72
43 60
43 77
43 67
43 47
43 72
8 41
70 57
70 67
70 41
12 33
12 5
12 14
63 39
63 14
13 57
13 7
13 67
39 5
39 14
63 39
63 14
51 42
51 7
51 67
38 28
38 50
38 67
55 6
55 71
55 61
11 3
8 41
57 1
57 7
57 67
57 41
6 71
6 61
19 72
11 3
11 3
59 42
59 7
59 21
59 67
59 10
23 65
23 8
23 41
68 80
68 19
68 72
44 56
44 67
44 36
27 28
27 57
27 50
27 67
27 3
76 63
76 39
76 14
11 3
53 60
53 77
53 67
53 47
53 72
27 28
27 57
27 50
27 67
27 3
50 11
50 7
50 67
50 3
79 69
79 13
79 67
80 19
80 72
79 69
79 13
79 67
9 54
9 1
9 41
81 6
81 71
81 61
76 63
76 39
76 14
81 6
81 71
81 61
68 80
68 19
68 72
56 32
56 7
56 67
56 36
25 64
25 32
25 36
39 5
39 14
33 5
33 14
50 11
50 7
50 67
50 3
51 42
51 7
51 67
5 14
79 69
79 13
79 67
65 8
65 41
49 54
49 1
49 41
79 69
79 13
79 67
16 45
16 67
77 60
77 67
77 47
77 72
2 33
2 5
2 14
20 7
20 19
20 60
20 67
20 47
20 72
65 8
65 41
9 54
9 1
9 41
15 65
15 8
15 41
38 28
38 50
38 67
5 14
48 44
48 56
48 67
62 44
62 56
62 67
62 36
60 66
60 57
60 56
60 50
60 13
60 45
60 7
60 39
60 19
60 14
60 67
60 47
60 72
64 32
64 36
19 72
16 45
16 67
69 13
69 67
28 50
28 67
65 8
65 41
42 7
42 67
32 36
45 1
45 71
45 7
45 67
45 41
70 57
70 67
70 41
13 57
13 7
13 67
54 1
54 41
37 66
37 14
37 67
39 5
39 14
33 5
33 14
71 61
11 3
77 60
77 67
77 47
77 72
1 8
1 41
5 14
50 11
50 7
50 67
50 3
8 41
80 19
80 72
63 39
63 14
56 32
56 7
56 67
56 36
66 5
66 7
66 14
66 67
57 1
57 7
57 67
57 41
44 56
44 67
44 36
6 71
6 61
46 11
46 3
60 66
60 57
60 56
60 50
60 13
60 45
60 7
60 39
60 19
60 14
60 67
60 47
60 72
19 72
1 8
1 41
5 14
50 11
50 7
50 67
50 3
8 41
32 36
45 1
45 71
45 7
45 67
45 41
56 32
56 7
56 67
56 36
13 57
13 7
13 67
66 5
66 7
66 14
66 67
57 1
57 7
57 67
57 41
39 5
39 14
71 61
11 3
19 72
1 8
1 41
5 14
50 11
50 7
50 67
50 3
8 41
32 36
45 1
45 71
45 7
45 67
45 41
56 32
56 7
56 67
56 36
13 57
13 7
13 67
66 5
66 7
66 14
66 67
57 1
57 7
57 67
57 41
39 5
39 14
71 61
11 3
1 8
1 41
5 14
8 41
32 36
57 1
57 7
57 67
57 41
71 61
11 3
1 8
1 41
8 41
8 41
83 80
83 19
83 72
100
100 3 1 2 3
100 3 4 5 6
100 3 7 8 9
100 3 10 11 12
100 3 1 4 13
100 3 4 14 15
100 3 16 5 17
100 3 18 19 20
100 3 21 22 23
100 3 24 25 26
100 3 27 13 28
100 3 29 30 31
100 3 32 33 34
100 3 35 27 14
100 3 36 16 37
100 3 38 15 12
100 3 22 27 39
100 3 40 14 41
100 3 42 43 44
100 3 35 13 19
100 3 45 1 26
100 3 46 44 8
100 3 47 9 48
100 3 49 48 50
100 3 51 49 18
100 3 11 17 5
100 3 6 47 8
100 3 52 53 14
100 3 9 54 46
100 3 32 48 12
100 3 46 10 29
100 3 55 56 57
100 3 16 54 58
100 3 28 59 46
100 3 60 47 44
100 3 40 34 61
100 3 56 54 30
100 3 4 50 12
100 3 49 23 17
100 3 10 30 62
100 3 22 10 63
100 3 2 5 64
100 3 61 6 15
100 3 65 66 41
100 3 24 45 67
100 3 40 68 69
100 3 12 47 69
100 3 70 7 71
100 3 57 70 53
100 3 53 2 64
100 3 27 37 46
100 3 43 36 30
100 3 54 69 13
100 3 47 72 28
100 3 56 35 73
100 3 38 47 50
100 3 27 36 74
100 3 46 28 75
100 3 13 68 76
100 3 15 77 51
100 3 11 61 19
100 3 60 69 25
100 3 52 29 39
100 3 58 23 24
100 3 19 66 10
100 3 44 37 43
100 3 18 6 37
100 3 60 34 7
100 3 14 25 1
100 3 46 38 31
100 3 12 6 38
100 3 18 3 54
100 3 25 32 59
100 3 24 50 68
100 3 32 75 20
100 3 43 8 70
100 3 12 63 13
100 3 39 63 41
100 3 51 38 41
100 3 55 11 8
100 3 78 14 57
100 3 6 19 11
100 3 11 59 23
100 3 58 68 44
100 3 27 76 58
100 3 11 58 53
100 3 27 50 79
100 3 80 79 78
100 3 9 81 76
100 3 81 68 56
100 3 25 39 41
100 3 73 7 33
100 3 50 51 5
100 3 79 65 49
100 3 79 16 75
100 3 77 47 41
100 3 2 20 65
100 3 9 67 82
100 3 58 15 38
100 3 5 48 62