4
25
3 3 4 6 5 7 3 5 3 3 5 4 3 3 3 3 3 3 5 5 7 5 4 3 3
28
7 3 3 3 3 3 3 3 4 3 3 3 6 3 5 5 4 3 4 3 3 3 5 4 3 5 5 5
2
4 4
29
4 4 3 4 3 4 3 3 3 3 4 3 3 4 3 3 3 3 3 3 3 3 3 4 15 7 7 7 7
297
1 46
1 28
1 41
2 7
2 40
3 49
3 53
3 48
4 33
4 38
4 20
4 53
4 52
7 40
2 7
2 40
9 31
9 44
9 53
10 25
10 48
12 26
12 42
12 53
12 51
12 41
13 47
13 36
13 11
14 47
14 36
14 11
15 37
15 43
15 11
16 50
16 39
16 8
17 30
17 35
17 53
18 29
18 34
18 53
13 47
13 36
13 11
13 47
13 36
13 11
23 26
23 42
23 53
23 51
23 41
24 27
24 32
24 19
25 45
25 48
26 55
26 49
26 54
26 44
26 35
26 34
26 38
26 36
26 28
26 11
26 53
26 51
26 41
27 32
27 19
28 41
29 34
29 53
30 35
30 53
31 44
31 53
32 19
33 38
33 53
34 25
34 7
34 38
34 53
34 48
35 49
35 38
35 53
36 43
36 11
37 43
37 11
7 40
39 8
42 26
42 53
42 51
42 41
25 45
25 48
43 11
44 39
44 38
44 53
44 8
45 48
46 28
46 41
47 36
47 11
49 25
49 38
49 53
49 48
50 39
50 8
26 55
26 49
26 54
26 44
26 35
26 34
26 38
26 36
26 28
26 11
26 53
26 51
26 41
28 41
25 45
25 48
43 11
44 39
44 38
44 53
44 8
45 48
32 19
34 25
34 7
34 38
34 53
34 48
54 32
54 38
54 53
54 19
35 49
35 38
35 53
55 43
55 38
55 11
55 53
49 25
49 38
49 53
49 48
36 43
36 11
7 40
39 8
28 41
25 45
25 48
43 11
44 39
44 38
44 53
44 8
45 48
32 19
34 25
34 7
34 38
34 53
34 48
54 32
54 38
54 53
54 19
35 49
35 38
35 53
55 43
55 38
55 11
55 53
49 25
49 38
49 53
49 48
36 43
36 11
7 40
39 8
25 45
25 48
43 11
45 48
32 19
49 25
49 38
49 53
49 48
7 40
39 8
25 45
25 48
45 48
45 48
56 31
56 49
56 44
56 53
56 8
57 38
57 28
57 26
57 53
57 51
57 41
58 37
58 43
58 11
59 66
59 54
59 53
59 19
60 10
60 25
60 48
61 3
61 49
61 53
61 48
62 68
62 45
62 48
63 31
63 44
63 53
64 2
64 7
64 40
65 66
65 54
65 53
66 54
66 53
66 19
67 55
67 11
67 53
68 45
68 48
69 55
69 67
69 11
69 53
70 10
70 25
70 48
71 3
71 49
71 53
72 33
72 38
72 53
73 68
73 45
73 48
74 30
74 35
74 53
75 27
75 32
75 19
76 50
76 39
76 8
77 2
77 7
77 40
78 46
78 28
78 41
79 26
79 53
79 51
79 41
30
100 1 1
100 1 2
100 1 3
100 1 4
100 1 5
100 1 6
100 1 7
100 1 2
100 1 8
100 1 9
100 1 10
100 1 11
100 1 12
100 1 13
100 1 14
100 1 15
100 1 16
100 1 5
100 1 17
100 1 18
100 1 8
100 1 19
100 1 20
100 1 13
100 1 13
100 1 21
100 1 22
100 1 23
100 1 24
100 1 25