3
80
3 3 3 5 5 6 3 3 3 7 5 3 3 3 3 5 3 6 5 5 7 4 3 7 4 3 3 5 4 7 4 3 3 3 3 7 3 3 4 3 4 3 4 3 3 3 3 4 3 3 5 3 4 3 4 3 3 3 3 5 4 3 3 3 3 3 4 4 7 3 3 7 3 4 5 5 4 3 3 3
1
5
3
3 4 15
768
1 66
1 74
1 19
2 79
2 7
2 16
3 53
3 39
3 19
7 46
7 16
8 78
8 58
8 60
9 64
9 63
9 4
12 57
12 49
12 51
13 44
13 73
13 5
14 35
14 42
14 76
15 35
15 42
15 76
17 45
17 32
17 60
18 52
18 6
18 28
18 19
18 81
22 49
22 6
22 19
22 51
23 61
23 48
23 19
14 35
14 42
14 76
25 46
25 6
25 16
25 19
2 79
2 7
2 16
26 46
26 16
27 62
27 71
27 19
29 61
29 48
29 19
29 4
31 6
31 73
31 36
31 19
31 75
31 5
32 58
32 60
18 52
18 6
18 28
18 19
18 81
8 78
8 58
8 60
33 79
33 7
33 16
27 62
27 71
27 19
34 64
34 63
34 4
35 42
35 76
36 25
36 39
36 48
36 22
36 71
36 74
36 6
36 7
36 73
36 16
36 19
36 75
36 5
12 57
12 49
12 51
37 44
37 73
37 5
38 22
38 19
38 22
38 19
39 32
39 6
39 19
39 60
40 62
40 71
40 19
7 46
7 16
39 32
39 6
39 19
39 60
41 36
41 19
41 75
41 5
42 76
43 53
43 39
43 19
43 60
29 61
29 48
29 19
29 4
3 53
3 39
3 19
17 45
17 32
17 60
44 73
44 5
2 79
2 7
2 16
45 32
45 60
9 64
9 63
9 4
22 49
22 6
22 19
22 51
46 16
13 44
13 73
13 5
47 25
47 16
47 19
48 63
48 6
48 19
48 4
49 51
50 57
50 49
50 51
49 51
1 66
1 74
1 19
48 63
48 6
48 19
48 4
15 35
15 42
15 76
8 78
8 58
8 60
52 6
52 19
32 58
32 60
12 57
12 49
12 51
53 39
53 19
53 60
54 26
54 46
54 16
55 25
55 47
55 16
55 19
12 57
12 49
12 51
41 36
41 19
41 75
41 5
36 25
36 39
36 48
36 22
36 71
36 74
36 6
36 7
36 73
36 16
36 19
36 75
36 5
25 46
25 6
25 16
25 19
2 79
2 7
2 16
56 38
56 22
56 19
57 49
57 51
34 64
34 63
34 4
58 60
59 52
59 6
59 19
31 6
31 73
31 36
31 19
31 75
31 5
47 25
47 16
47 19
17 45
17 32
17 60
52 6
52 19
45 32
45 60
9 64
9 63
9 4
59 52
59 6
59 19
3 53
3 39
3 19
61 48
61 19
61 4
32 58
32 60
41 36
41 19
41 75
41 5
62 71
62 19
18 52
18 6
18 28
18 19
18 81
46 16
50 57
50 49
50 51
41 36
41 19
41 75
41 5
15 35
15 42
15 76
7 46
7 16
63 4
42 76
56 38
56 22
56 19
58 60
32 58
32 60
64 63
64 4
43 53
43 39
43 19
43 60
13 44
13 73
13 5
40 62
40 71
40 19
36 25
36 39
36 48
36 22
36 71
36 74
36 6
36 7
36 73
36 16
36 19
36 75
36 5
65 45
65 32
65 60
66 74
66 19
45 32
45 60
46 16
67 38
67 39
67 22
67 19
67 51
32 58
32 60
68 36
68 41
68 19
68 75
68 5
39 32
39 6
39 19
39 60
63 4
54 26
54 46
54 16
3 53
3 39
3 19
70 38
70 22
70 19
38 22
38 19
66 74
66 19
39 32
39 6
39 19
39 60
65 45
65 32
65 60
1 66
1 74
1 19
71 39
71 6
71 19
73 5
15 35
15 42
15 76
41 36
41 19
41 75
41 5
74 32
74 42
74 6
74 19
74 60
38 22
38 19
42 76
17 45
17 32
17 60
32 58
32 60
27 62
27 71
27 19
71 39
71 6
71 19
46 16
54 26
54 46
54 16
34 64
34 63
34 4
50 57
50 49
50 51
70 38
70 22
70 19
74 32
74 42
74 6
74 19
74 60
64 63
64 4
46 16
67 38
67 39
67 22
67 19
67 51
52 6
52 19
67 38
67 39
67 22
67 19
67 51
13 44
13 73
13 5
3 53
3 39
3 19
55 25
55 47
55 16
55 19
74 32
74 42
74 6
74 19
74 60
12 57
12 49
12 51
8 78
8 58
8 60
27 62
27 71
27 19
70 38
70 22
70 19
47 25
47 16
47 19
12 57
12 49
12 51
73 5
71 39
71 6
71 19
64 63
64 4
29 61
29 48
29 19
29 4
65 45
65 32
65 60
41 36
41 19
41 75
41 5
77 36
77 41
77 19
77 75
77 5
27 62
27 71
27 19
70 38
70 22
70 19
7 46
7 16
78 58
78 60
27 62
27 71
27 19
36 25
36 39
36 48
36 22
36 71
36 74
36 6
36 7
36 73
36 16
36 19
36 75
36 5
50 57
50 49
50 51
79 7
79 16
44 73
44 5
46 16
29 61
29 48
29 19
29 4
77 36
77 41
77 19
77 75
77 5
8 78
8 58
8 60
48 63
48 6
48 19
48 4
37 44
37 73
37 5
59 52
59 6
59 19
17 45
17 32
17 60
79 7
79 16
43 53
43 39
43 19
43 60
42 76
41 36
41 19
41 75
41 5
80 26
80 46
80 16
55 25
55 47
55 16
55 19
61 48
61 19
61 4
39 32
39 6
39 19
39 60
36 25
36 39
36 48
36 22
36 71
36 74
36 6
36 7
36 73
36 16
36 19
36 75
36 5
64 63
64 4
73 5
66 74
66 19
62 71
62 19
38 22
38 19
78 58
78 60
52 6
52 19
63 4
53 39
53 19
53 60
74 32
74 42
74 6
74 19
74 60
71 39
71 6
71 19
45 32
45 60
47 25
47 16
47 19
26 46
26 16
7 46
7 16
42 76
49 51
41 36
41 19
41 75
41 5
32 58
32 60
46 16
22 49
22 6
22 19
22 51
58 60
44 73
44 5
79 7
79 16
48 63
48 6
48 19
48 4
25 46
25 6
25 16
25 19
39 32
39 6
39 19
39 60
61 48
61 19
61 4
35 42
35 76
57 49
57 51
36 25
36 39
36 48
36 22
36 71
36 74
36 6
36 7
36 73
36 16
36 19
36 75
36 5
73 5
32 58
32 60
46 16
22 49
22 6
22 19
22 51
58 60
63 4
74 32
74 42
74 6
74 19
74 60
48 63
48 6
48 19
48 4
71 39
71 6
71 19
25 46
25 6
25 16
25 19
39 32
39 6
39 19
39 60
7 46
7 16
42 76
49 51
73 5
32 58
32 60
46 16
22 49
22 6
22 19
22 51
58 60
63 4
74 32
74 42
74 6
74 19
74 60
48 63
48 6
48 19
48 4
71 39
71 6
71 19
25 46
25 6
25 16
25 19
39 32
39 6
39 19
39 60
7 46
7 16
42 76
49 51
32 58
32 60
46 16
58 60
63 4
39 32
39 6
39 19
39 60
42 76
49 51
32 58
32 60
58 60
58 60
82 78
82 58
82 60
83 36
83 19
83 75
83 5
50
100 5 1 2 3 4 5
100 5 6 7 8 9 10
100 5 11 12 13 14 15
100 5 16 17 18 19 20
100 5 21 22 23 24 14
100 5 25 2 19 10 26
100 5 27 28 6 29 5
100 5 20 30 31 32 18
100 5 21 8 33 27 34
100 5 35 36 12 37 38
100 5 20 38 39 40 7
100 5 11 39 41 42 43
100 5 29 3 17 44 2
100 5 45 9 19 22 46
100 5 21 30 13 47 48
100 5 49 50 5 6 51
100 5 49 1 48 15 8
100 5 52 32 12 53 54
100 5 20 55 12 41 36
100 5 25 2 16 11 56
100 5 57 30 34 58 59
100 5 31 47 17 52 45
100 5 9 4 60 59 3
100 5 61 32 41 62 18
100 5 46 50 41 15 7
100 5 63 42 56 58 5
100 5 32 60 64 24 10
100 5 43 13 40 36 65
100 5 66 45 16 51 46
100 5 67 21 32 68 39
100 5 63 54 3 69 70
100 5 38 5 66 69 11
100 5 39 65 1 71 72
100 5 73 15 28 41 74
100 5 21 38 51 42 17
100 5 32 60 27 71 46
100 5 28 30 11 75 4
100 5 76 54 34 50 70
100 5 74 64 46 67 52
100 5 67 10 13 3 16
100 5 55 74 12 8 76
100 5 27 70 47 12 73
100 5 71 28 64 29 65
100 5 41 77 30 75 27
100 5 70 7 78 27 36
100 5 51 50 79 44 46
100 5 60 29 77 8 48
100 5 37 59 69 17 79
100 5 43 42 41 5 20
100 5 5 80 55 61 39