3
73
4 4 5 3 4 4 5 15 3 5 3 3 3 7 5 3 4 4 4 3 3 7 7 7 6 4 4 5 3 5 3 3 3 4 3 5 3 4 3 3 3 4 7 3 3 3 5 4 3 3 3 4 5 3 5 3 4 3 3 3 6 3 3 3 3 3 7 3 5 3 3 3 4
5
3 3 3 3 5
6
3 3 3 3 3 7
591
1 52
1 6
1 10
1 15
2 38
2 5
2 10
2 3
4 53
5 74
5 61
5 10
5 3
6 32
6 61
6 10
6 15
9 74
9 3
11 4
11 53
12 35
12 75
12 10
13 56
13 77
13 47
16 40
16 39
16 28
17 26
17 70
17 28
17 10
18 23
18 48
18 10
18 36
18 53
19 32
19 77
19 61
19 10
19 15
20 11
20 4
20 53
21 40
21 39
21 28
2 38
2 5
2 10
2 3
23 26
23 6
23 5
23 42
23 75
23 19
23 61
23 39
23 4
23 28
23 10
23 36
23 53
18 23
18 48
18 10
18 36
18 53
6 32
6 61
6 10
6 15
25 29
25 61
25 30
25 10
25 69
26 68
26 61
26 28
26 10
27 72
27 6
27 42
27 10
27 78
12 35
12 75
12 10
9 74
9 3
29 61
29 10
31 50
31 66
31 15
31 50
31 66
31 15
32 66
32 15
33 76
33 68
33 28
18 23
18 48
18 10
18 36
18 53
34 23
34 10
34 36
34 53
35 75
35 10
34 23
34 10
34 36
34 53
33 76
33 68
33 28
37 9
37 74
37 3
38 5
38 10
38 3
33 76
33 68
33 28
11 4
11 53
39 68
39 28
40 39
40 28
41 11
41 4
41 53
19 32
19 77
19 61
19 10
19 15
42 51
42 61
42 10
42 78
41 11
41 4
41 53
31 50
31 66
31 15
2 38
2 5
2 10
2 3
40 39
40 28
20 11
20 4
20 53
44 32
44 15
45 72
45 42
45 10
46 60
46 51
46 78
45 72
45 42
45 10
6 32
6 61
6 10
6 15
48 23
48 10
48 36
48 53
40 39
40 28
49 9
49 74
49 3
23 26
23 6
23 5
23 42
23 75
23 19
23 61
23 39
23 4
23 28
23 10
23 36
23 53
50 66
50 15
51 78
52 6
52 10
52 15
37 9
37 74
37 3
54 62
54 19
54 10
18 23
18 48
18 10
18 36
18 53
25 29
25 61
25 30
25 10
25 69
41 11
41 4
41 53
42 51
42 61
42 10
42 78
56 77
56 47
40 39
40 28
12 35
12 75
12 10
57 23
57 48
57 10
57 36
57 53
38 5
38 10
38 3
58 72
58 42
58 10
59 38
59 5
59 10
60 51
60 78
27 72
27 6
27 42
27 10
27 78
27 72
27 6
27 42
27 10
27 78
57 23
57 48
57 10
57 36
57 53
26 68
26 61
26 28
26 10
20 11
20 4
20 53
45 72
45 42
45 10
51 78
48 23
48 10
48 36
48 53
54 62
54 19
54 10
49 9
49 74
49 3
62 19
62 10
40 39
40 28
31 50
31 66
31 15
6 32
6 61
6 10
6 15
48 23
48 10
48 36
48 53
13 56
13 77
13 47
11 4
11 53
63 56
63 77
63 47
34 23
34 10
34 36
34 53
64 76
64 68
64 28
42 51
42 61
42 10
42 78
65 44
65 32
65 15
5 74
5 61
5 10
5 3
41 11
41 4
41 53
66 15
25 29
25 61
25 30
25 10
25 69
16 40
16 39
16 28
9 74
9 3
21 40
21 39
21 28
68 28
9 74
9 3
25 29
25 61
25 30
25 10
25 69
48 23
48 10
48 36
48 53
20 11
20 4
20 53
9 74
9 3
6 32
6 61
6 10
6 15
70 26
70 28
70 10
71 52
71 6
71 10
72 42
72 10
54 62
54 19
54 10
57 23
57 48
57 10
57 36
57 53
73 61
73 4
73 23
73 10
73 36
73 53
11 4
11 53
23 26
23 6
23 5
23 42
23 75
23 19
23 61
23 39
23 4
23 28
23 10
23 36
23 53
9 74
9 3
4 53
62 19
62 10
35 75
35 10
72 42
72 10
50 66
50 15
29 61
29 10
74 3
19 32
19 77
19 61
19 10
19 15
52 6
52 10
52 15
44 32
44 15
75 6
75 61
75 10
70 26
70 28
70 10
76 68
76 28
39 68
39 28
77 47
51 78
48 23
48 10
48 36
48 53
32 66
32 15
68 28
42 51
42 61
42 10
42 78
66 15
11 4
11 53
40 39
40 28
5 74
5 61
5 10
5 3
6 32
6 61
6 10
6 15
26 68
26 61
26 28
26 10
38 5
38 10
38 3
56 77
56 47
60 51
60 78
23 26
23 6
23 5
23 42
23 75
23 19
23 61
23 39
23 4
23 28
23 10
23 36
23 53
4 53
32 66
32 15
68 28
42 51
42 61
42 10
42 78
66 15
74 3
19 32
19 77
19 61
19 10
19 15
5 74
5 61
5 10
5 3
75 6
75 61
75 10
26 68
26 61
26 28
26 10
6 32
6 61
6 10
6 15
39 68
39 28
77 47
51 78
4 53
32 66
32 15
68 28
42 51
42 61
42 10
42 78
66 15
74 3
19 32
19 77
19 61
19 10
19 15
5 74
5 61
5 10
5 3
75 6
75 61
75 10
26 68
26 61
26 28
26 10
6 32
6 61
6 10
6 15
39 68
39 28
77 47
51 78
32 66
32 15
68 28
66 15
74 3
6 32
6 61
6 10
6 15
77 47
51 78
32 66
32 15
66 15
66 15
79 44
79 32
79 15
80 50
80 66
80 15
81 29
81 61
81 10
82 35
82 75
82 10
83 60
83 51
83 78
50
100 3 1 2 3
100 3 4 5 6
100 3 7 8 9
100 3 10 7 11
100 3 12 13 14
100 3 15 16 17
100 3 18 19 20
100 3 21 22 2
100 3 23 24 18
100 3 6 25 3
100 3 26 27 12
100 3 9 28 29
100 3 30 28 31
100 3 31 32 33
100 3 18 34 35
100 3 34 10 33
100 3 36 37 30
100 3 38 33 11
100 3 39 40 41
100 3 19 42 3
100 3 30 41 31
100 3 2 40 43
100 3 20 44 22
100 3 45 46 47
100 3 45 6 48
100 3 40 49 47
100 3 23 50 51
100 3 52 37 53
100 3 54 55 18
100 3 25 41 42
100 3 56 40 12
100 3 57 38 58
100 3 59 60 27
100 3 27 57 26
100 3 20 45 61
100 3 51 48 14
100 3 54 49 62
100 3 40 61 31
100 3 6 48 13
100 3 55 11 63
100 3 34 64 42
100 3 65 47 5
100 3 41 66 25
100 3 16 9 21
100 3 67 68 53
100 3 9 25 28
100 3 48 69 20
100 3 9 6 70
100 3 71 72 54
100 3 57 73 11