3
56
3 7 5 3 3 4 5 3 4 4 3 3 3 3 4 5 3 3 3 3 4 3 7 3 3 4 7 3 3 4 3 4 7 3 3 3 3 7 3 3 3 4 5 3 3 5 5 3 4 6 3 15 3 5 3 4
17
7 3 3 3 3 4 3 6 3 3 3 4 4 3 5 5 5
11
4 3 3 3 3 3 3 4 5 5 7
415
1 28
1 66
1 3
4 63
4 65
4 3
5 49
5 72
6 8
6 64
6 73
6 72
8 73
9 5
9 69
9 49
9 72
9 43
10 65
10 48
10 64
10 72
10 3
11 70
11 48
11 16
12 19
12 37
12 72
4 63
4 65
4 3
13 62
13 69
13 72
14 25
14 8
14 73
15 57
15 72
15 47
15 46
4 63
4 65
4 3
17 46
18 36
18 35
18 43
9 5
9 69
9 49
9 72
9 43
19 37
19 72
20 6
20 73
20 72
21 57
21 72
21 47
21 46
22 28
22 66
22 3
24 42
24 68
24 72
6 8
6 64
6 73
6 72
25 8
25 73
26 6
26 20
26 73
26 72
17 46
28 66
28 3
29 59
29 10
29 72
30 57
30 15
30 72
30 47
30 46
31 8
31 73
29 59
29 10
29 72
18 36
18 35
18 43
32 42
32 68
32 72
32 54
19 37
19 72
34 67
34 31
34 73
35 43
25 8
25 73
36 35
36 43
35 43
37 69
37 64
37 72
34 67
34 31
34 73
19 37
19 72
39 17
39 46
26 6
26 20
26 73
26 72
10 65
10 48
10 64
10 72
10 3
40 19
40 37
40 72
41 5
41 49
41 72
42 68
42 72
42 54
26 6
26 20
26 73
26 72
44 58
44 61
44 54
31 8
31 73
45 63
45 65
45 3
8 73
35 43
5 49
5 72
36 35
36 43
29 59
29 10
29 72
48 16
49 35
49 64
49 72
49 43
50 60
50 64
50 71
50 72
50 7
51 25
51 8
51 73
9 5
9 69
9 49
9 72
9 43
48 16
53 39
53 17
53 46
42 68
42 72
42 54
48 16
55 70
55 48
55 16
56 62
56 69
56 72
56 3
45 63
45 65
45 3
49 35
49 64
49 72
49 43
48 16
29 59
29 10
29 72
57 6
57 69
57 68
57 49
57 37
57 10
57 64
57 31
57 17
57 73
57 72
57 47
57 46
58 61
58 54
17 46
59 10
59 72
19 37
19 72
5 49
5 72
28 66
28 3
60 64
60 72
61 54
10 65
10 48
10 64
10 72
10 3
62 69
62 72
62 3
63 65
63 3
37 69
37 64
37 72
20 6
20 73
20 72
31 8
31 73
25 8
25 73
48 16
35 43
15 57
15 72
15 47
15 46
65 66
65 3
8 73
49 35
49 64
49 72
49 43
66 3
39 17
39 46
67 31
67 73
68 61
68 64
68 72
68 54
6 8
6 64
6 73
6 72
69 65
69 64
69 72
69 3
42 68
42 72
42 54
70 48
70 16
36 35
36 43
57 6
57 69
57 68
57 49
57 37
57 10
57 64
57 31
57 17
57 73
57 72
57 47
57 46
17 46
65 66
65 3
8 73
49 35
49 64
49 72
49 43
66 3
61 54
10 65
10 48
10 64
10 72
10 3
68 61
68 64
68 72
68 54
37 69
37 64
37 72
6 8
6 64
6 73
6 72
69 65
69 64
69 72
69 3
31 8
31 73
48 16
35 43
17 46
65 66
65 3
8 73
49 35
49 64
49 72
49 43
66 3
61 54
10 65
10 48
10 64
10 72
10 3
68 61
68 64
68 72
68 54
37 69
37 64
37 72
6 8
6 64
6 73
6 72
69 65
69 64
69 72
69 3
31 8
31 73
48 16
35 43
65 66
65 3
8 73
66 3
61 54
69 65
69 64
69 72
69 3
48 16
35 43
65 66
65 3
66 3
66 3
74 64
74 17
74 57
74 72
74 47
74 46
75 67
75 31
75 73
76 39
76 17
76 46
77 5
77 49
77 72
78 36
78 35
78 43
79 60
79 64
79 72
80 58
80 61
80 54
81 57
81 15
81 72
81 47
81 46
30
100 3 1 2 3
100 3 4 5 6
100 3 7 8 9
100 3 10 11 12
100 3 4 13 14
100 3 15 4 16
100 3 17 18 9
100 3 19 20 21
100 3 22 23 24
100 3 6 25 26
100 3 17 27 28
100 3 29 30 31
100 3 29 18 32
100 3 19 33 34
100 3 35 25 36
100 3 35 33 37
100 3 34 38 19
100 3 39 26 10
100 3 40 41 42
100 3 43 33 26
100 3 44 31 45
100 3 27 46 8
100 3 35 5 47
100 3 36 29 48
100 3 49 50 51
100 3 9 52 48
100 3 53 54 42
100 3 48 55 52
100 3 56 45 3
100 3 49 48 29