4
35
3 4 3 7 3 3 3 3 6 4 5 5 5 3 4 3 3 4 3 5 3 3 15 5 3 4 3 3 3 4 7 7 3 4 3
19
7 3 3 3 3 3 3 3 3 3 3 5 4 3 3 5 5 5 5
1
4
29
4 3 4 3 4 6 3 3 3 3 3 4 4 3 3 3 3 3 3 3 3 3 4 4 5 7 7 7 5
341
1 49
1 51
2 49
2 25
2 9
2 53
2 51
3 22
3 37
3 47
3 22
3 37
3 47
5 46
5 12
6 38
6 2
6 53
7 54
8 40
8 50
8 51
10 9
10 37
10 36
10 53
10 52
10 47
6 38
6 2
6 53
5 46
5 12
14 39
14 42
14 53
15 36
15 48
15 53
15 52
15 47
16 45
16 54
17 16
17 45
17 54
18 7
18 9
18 54
18 53
19 9
19 53
2 49
2 25
2 9
2 53
2 51
18 7
18 9
18 54
18 53
21 33
21 41
21 24
22 37
22 47
19 9
19 53
25 13
6 38
6 2
6 53
26 18
26 43
26 54
26 53
27 44
27 7
27 54
28 30
28 53
8 40
8 50
8 51
29 16
29 45
29 54
21 33
21 41
21 24
30 46
30 9
30 53
30 12
33 41
33 24
34 41
34 9
34 53
34 24
1 49
1 51
35 44
35 7
35 54
36 18
36 55
36 34
36 30
36 42
36 2
36 9
36 45
36 37
36 54
36 53
36 52
36 47
37 47
33 41
33 24
38 2
38 53
39 42
39 53
40 50
40 51
41 24
2 49
2 25
2 9
2 53
2 51
42 55
42 9
42 53
43 18
43 54
43 53
44 7
44 54
45 7
45 54
25 13
46 12
48 36
48 53
48 52
48 47
49 50
49 51
7 54
30 46
30 9
30 53
30 12
50 51
22 37
22 47
16 45
16 54
18 7
18 9
18 54
18 53
36 18
36 55
36 34
36 30
36 42
36 2
36 9
36 45
36 37
36 54
36 53
36 52
36 47
37 47
49 50
49 51
7 54
30 46
30 9
30 53
30 12
50 51
41 24
2 49
2 25
2 9
2 53
2 51
34 41
34 9
34 53
34 24
42 55
42 9
42 53
18 7
18 9
18 54
18 53
55 49
55 9
55 53
55 51
45 7
45 54
25 13
46 12
37 47
49 50
49 51
7 54
30 46
30 9
30 53
30 12
50 51
41 24
2 49
2 25
2 9
2 53
2 51
34 41
34 9
34 53
34 24
42 55
42 9
42 53
18 7
18 9
18 54
18 53
55 49
55 9
55 53
55 51
45 7
45 54
25 13
46 12
49 50
49 51
7 54
50 51
41 24
55 49
55 9
55 53
55 51
25 13
46 12
49 50
49 51
50 51
50 51
56 28
56 55
56 30
56 53
56 12
57 22
57 37
57 47
58 67
58 34
58 53
58 24
59 1
59 49
59 51
60 68
60 55
60 53
60 51
61 19
61 9
61 84
61 53
61 20
62 40
62 50
62 51
63 28
63 30
63 53
64 5
64 46
64 12
65 69
65 25
65 13
66 67
66 34
66 53
67 34
67 53
67 24
68 55
68 53
68 51
69 25
69 13
70 1
70 49
70 51
71 68
71 55
71 53
72 19
72 9
72 53
73 28
73 30
73 53
74 39
74 42
74 53
75 33
75 41
75 24
76 5
76 46
76 12
77 69
77 25
77 13
78 36
78 48
78 53
78 52
78 47
79 36
79 53
79 52
79 47
50
100 1 1
100 1 2
100 1 3
100 1 3
100 1 4
100 1 5
100 1 6
100 1 7
100 1 8
100 1 9
100 1 10
100 1 11
100 1 12
100 1 6
100 1 5
100 1 13
100 1 14
100 1 15
100 1 16
100 1 17
100 1 18
100 1 19
100 1 20
100 1 2
100 1 18
100 1 21
100 1 22
100 1 13
100 1 23
100 1 19
100 1 24
100 1 25
100 1 6
100 1 26
100 1 27
100 1 28
100 1 8
100 1 29
100 1 21
100 1 24
100 1 30
100 1 4
100 1 31
100 1 32
100 1 33
100 1 34
100 1 31
100 1 1
100 1 24
100 1 35