1
84
7 3 6 3 3 7 3 3 3 4 3 7 7 5 3 4 5 4 4 5 3 4 3 4 5 3 3 3 3 5 3 3 4 3 3 4 5 4 3 3 3 3 3 3 5 3 3 4 3 3 5 3 3 3 7 15 3 5 3 4 4 6 3 3 3 3 5 7 3 3 4 3 3 3 5 3 7 4 3 4 3 5 3 4
1371
1 61
1 18
1 78
1 48
1 35
1 80
1 3
1 27
1 9
1 51
1 30
1 67
1 45
2 39
2 20
4 50
4 21
4 51
5 47
5 9
5 45
7 11
7 53
7 37
8 76
8 27
8 51
9 45
10 1
10 30
10 67
10 45
11 53
11 37
15 40
15 35
15 30
16 33
16 18
16 30
16 20
18 2
18 3
18 30
18 20
19 61
19 29
19 51
19 30
21 51
22 3
22 9
22 1
22 30
22 67
22 45
2 39
2 20
23 59
23 75
24 1
24 10
24 30
24 67
24 45
1 61
1 18
1 78
1 48
1 35
1 80
1 3
1 27
1 9
1 51
1 30
1 67
1 45
2 39
2 20
5 47
5 9
5 45
26 74
26 2
26 20
27 21
27 51
8 76
8 27
8 51
4 50
4 21
4 51
28 23
28 59
28 75
29 61
29 51
29 30
31 74
31 2
31 20
32 43
32 39
32 20
22 3
22 9
22 1
22 30
22 67
22 45
33 18
33 30
33 20
7 11
7 53
7 37
34 48
34 30
27 21
27 51
35 18
35 3
35 30
34 48
34 30
36 78
36 30
36 37
19 61
19 29
19 51
19 30
24 1
24 10
24 30
24 67
24 45
38 1
38 10
38 30
38 67
38 45
18 2
18 3
18 30
18 20
39 20
40 35
40 30
35 18
35 3
35 30
41 11
41 53
41 37
42 34
42 48
42 30
33 18
33 30
33 20
43 39
43 20
35 18
35 3
35 30
44 34
44 48
44 30
19 61
19 29
19 51
19 30
46 23
46 59
46 75
31 74
31 2
31 20
47 9
47 45
48 81
48 3
48 30
48 58
39 20
15 40
15 35
15 30
49 36
49 78
49 30
36 78
36 30
36 37
8 76
8 27
8 51
50 21
50 51
32 43
32 39
32 20
19 61
19 29
19 51
19 30
52 3
52 30
53 37
22 3
22 9
22 1
22 30
22 67
22 45
54 69
54 81
54 58
27 21
27 51
57 52
57 3
57 30
28 23
28 59
28 75
10 1
10 30
10 67
10 45
59 75
16 33
16 18
16 30
16 20
36 78
36 30
36 37
11 53
11 37
40 35
40 30
46 23
46 59
46 75
60 1
60 30
60 67
60 45
43 39
43 20
61 21
61 3
61 51
61 30
57 52
57 3
57 30
62 52
62 3
62 17
62 30
62 25
63 50
63 21
63 51
29 61
29 51
29 30
38 1
38 10
38 30
38 67
38 45
64 43
64 39
64 20
39 20
22 3
22 9
22 1
22 30
22 67
22 45
65 33
65 18
65 30
27 21
27 51
66 76
66 27
66 51
41 11
41 53
41 37
48 81
48 3
48 30
48 58
50 21
50 51
39 20
24 1
24 10
24 30
24 67
24 45
64 43
64 39
64 20
11 53
11 37
50 21
50 51
21 51
19 61
19 29
19 51
19 30
69 81
69 58
16 33
16 18
16 30
16 20
7 11
7 53
7 37
19 61
19 29
19 51
19 30
70 79
70 80
70 30
41 11
41 53
41 37
66 76
66 27
66 51
44 34
44 48
44 30
57 52
57 3
57 30
10 1
10 30
10 67
10 45
71 34
71 18
71 48
71 30
71 58
72 47
72 9
72 45
10 1
10 30
10 67
10 45
39 20
8 76
8 27
8 51
36 78
36 30
36 37
61 21
61 3
61 51
61 30
23 59
23 75
9 45
61 21
61 3
61 51
61 30
73 69
73 81
73 58
33 18
33 30
33 20
42 34
42 48
42 30
5 47
5 9
5 45
23 59
23 75
44 34
44 48
44 30
34 48
34 30
47 9
47 45
19 61
19 29
19 51
19 30
22 3
22 9
22 1
22 30
22 67
22 45
74 2
74 20
39 20
40 35
40 30
31 74
31 2
31 20
62 52
62 3
62 17
62 30
62 25
5 47
5 9
5 45
48 81
48 3
48 30
48 58
61 21
61 3
61 51
61 30
71 34
71 18
71 48
71 30
71 58
65 33
65 18
65 30
76 27
76 51
54 69
54 81
54 58
42 34
42 48
42 30
78 53
78 3
78 30
78 37
48 81
48 3
48 30
48 58
44 34
44 48
44 30
76 27
76 51
71 34
71 18
71 48
71 30
71 58
70 79
70 80
70 30
1 61
1 18
1 78
1 48
1 35
1 80
1 3
1 27
1 9
1 51
1 30
1 67
1 45
39 20
43 39
43 20
36 78
36 30
36 37
65 33
65 18
65 30
7 11
7 53
7 37
35 18
35 3
35 30
46 23
46 59
46 75
54 69
54 81
54 58
23 59
23 75
78 53
78 3
78 30
78 37
73 69
73 81
73 58
79 80
79 30
80 2
80 59
80 3
80 30
80 20
39 20
42 34
42 48
42 30
9 45
32 43
32 39
32 20
8 76
8 27
8 51
72 47
72 9
72 45
9 45
76 27
76 51
54 69
54 81
54 58
53 37
52 3
52 30
36 78
36 30
36 37
27 21
27 51
4 50
4 21
4 51
47 9
47 45
48 81
48 3
48 30
48 58
19 61
19 29
19 51
19 30
50 21
50 51
27 21
27 51
26 74
26 2
26 20
5 47
5 9
5 45
7 11
7 53
7 37
1 61
1 18
1 78
1 48
1 35
1 80
1 3
1 27
1 9
1 51
1 30
1 67
1 45
80 2
80 59
80 3
80 30
80 20
81 58
7 11
7 53
7 37
43 39
43 20
1 61
1 18
1 78
1 48
1 35
1 80
1 3
1 27
1 9
1 51
1 30
1 67
1 45
61 21
61 3
61 51
61 30
60 1
60 30
60 67
60 45
19 61
19 29
19 51
19 30
80 2
80 59
80 3
80 30
80 20
15 40
15 35
15 30
53 37
61 21
61 3
61 51
61 30
16 33
16 18
16 30
16 20
5 47
5 9
5 45
42 34
42 48
42 30
69 81
69 58
11 53
11 37
59 75
53 37
83 40
83 35
83 30
69 81
69 58
36 78
36 30
36 37
53 37
19 61
19 29
19 51
19 30
64 43
64 39
64 20
79 80
79 30
54 69
54 81
54 58
2 39
2 20
1 61
1 18
1 78
1 48
1 35
1 80
1 3
1 27
1 9
1 51
1 30
1 67
1 45
70 79
70 80
70 30
72 47
72 9
72 45
23 59
23 75
5 47
5 9
5 45
21 51
52 3
52 30
35 18
35 3
35 30
34 48
34 30
48 81
48 3
48 30
48 58
70 79
70 80
70 30
53 37
34 48
34 30
38 1
38 10
38 30
38 67
38 45
40 35
40 30
36 78
36 30
36 37
1 61
1 18
1 78
1 48
1 35
1 80
1 3
1 27
1 9
1 51
1 30
1 67
1 45
19 61
19 29
19 51
19 30
42 34
42 48
42 30
31 74
31 2
31 20
35 18
35 3
35 30
24 1
24 10
24 30
24 67
24 45
35 18
35 3
35 30
79 80
79 30
1 61
1 18
1 78
1 48
1 35
1 80
1 3
1 27
1 9
1 51
1 30
1 67
1 45
71 34
71 18
71 48
71 30
71 58
83 40
83 35
83 30
26 74
26 2
26 20
54 69
54 81
54 58
29 61
29 51
29 30
76 27
76 51
29 61
29 51
29 30
42 34
42 48
42 30
43 39
43 20
76 27
76 51
52 3
52 30
65 33
65 18
65 30
28 23
28 59
28 75
8 76
8 27
8 51
40 35
40 30
27 21
27 51
59 75
54 69
54 81
54 58
43 39
43 20
76 27
76 51
18 2
18 3
18 30
18 20
47 9
47 45
4 50
4 21
4 51
32 43
32 39
32 20
73 69
73 81
73 58
31 74
31 2
31 20
2 39
2 20
59 75
28 23
28 59
28 75
74 2
74 20
16 33
16 18
16 30
16 20
83 40
83 35
83 30
61 21
61 3
61 51
61 30
50 21
50 51
2 39
2 20
29 61
29 51
29 30
50 21
50 51
28 23
28 59
28 75
24 1
24 10
24 30
24 67
24 45
69 81
69 58
32 43
32 39
32 20
19 61
19 29
19 51
19 30
61 21
61 3
61 51
61 30
57 52
57 3
57 30
46 23
46 59
46 75
71 34
71 18
71 48
71 30
71 58
79 80
79 30
19 61
19 29
19 51
19 30
21 51
46 23
46 59
46 75
47 9
47 45
49 36
49 78
49 30
9 45
38 1
38 10
38 30
38 67
38 45
33 18
33 30
33 20
41 11
41 53
41 37
84 36
84 78
84 30
84 37
72 47
72 9
72 45
61 21
61 3
61 51
61 30
28 23
28 59
28 75
73 69
73 81
73 58
18 2
18 3
18 30
18 20
22 3
22 9
22 1
22 30
22 67
22 45
16 33
16 18
16 30
16 20
40 35
40 30
21 51
27 21
27 51
60 1
60 30
60 67
60 45
71 34
71 18
71 48
71 30
71 58
72 47
72 9
72 45
49 36
49 78
49 30
64 43
64 39
64 20
23 59
23 75
8 76
8 27
8 51
66 76
66 27
66 51
48 81
48 3
48 30
48 58
50 21
50 51
70 79
70 80
70 30
64 43
64 39
64 20
39 20
52 3
52 30
66 76
66 27
66 51
27 21
27 51
32 43
32 39
32 20
74 2
74 20
70 79
70 80
70 30
4 50
4 21
4 51
62 52
62 3
62 17
62 30
62 25
72 47
72 9
72 45
11 53
11 37
76 27
76 51
9 45
23 59
23 75
4 50
4 21
4 51
52 3
52 30
63 50
63 21
63 51
10 1
10 30
10 67
10 45
73 69
73 81
73 58
21 51
44 34
44 48
44 30
60 1
60 30
60 67
60 45
33 18
33 30
33 20
34 48
34 30
41 11
41 53
41 37
8 76
8 27
8 51
73 69
73 81
73 58
38 1
38 10
38 30
38 67
38 45
81 58
38 1
38 10
38 30
38 67
38 45
54 69
54 81
54 58
21 51
69 81
69 58
72 47
72 9
72 45
59 75
69 81
69 58
8 76
8 27
8 51
50 21
50 51
2 39
2 20
69 81
69 58
9 45
43 39
43 20
8 76
8 27
8 51
24 1
24 10
24 30
24 67
24 45
36 78
36 30
36 37
80 2
80 59
80 3
80 30
80 20
78 53
78 3
78 30
78 37
54 69
54 81
54 58
53 37
66 76
66 27
66 51
70 79
70 80
70 30
10 1
10 30
10 67
10 45
63 50
63 21
63 51
31 74
31 2
31 20
35 18
35 3
35 30
40 35
40 30
31 74
31 2
31 20
76 27
76 51
36 78
36 30
36 37
4 50
4 21
4 51
22 3
22 9
22 1
22 30
22 67
22 45
81 58
42 34
42 48
42 30
39 20
43 39
43 20
35 18
35 3
35 30
1 61
1 18
1 78
1 48
1 35
1 80
1 3
1 27
1 9
1 51
1 30
1 67
1 45
9 45
11 53
11 37
79 80
79 30
40 35
40 30
34 48
34 30
43 39
43 20
52 3
52 30
53 37
33 18
33 30
33 20
80 2
80 59
80 3
80 30
80 20
74 2
74 20
35 18
35 3
35 30
29 61
29 51
29 30
27 21
27 51
50 21
50 51
59 75
81 58
10 1
10 30
10 67
10 45
2 39
2 20
21 51
48 81
48 3
48 30
48 58
39 20
47 9
47 45
76 27
76 51
78 53
78 3
78 30
78 37
18 2
18 3
18 30
18 20
61 21
61 3
61 51
61 30
36 78
36 30
36 37
23 59
23 75
69 81
69 58
1 61
1 18
1 78
1 48
1 35
1 80
1 3
1 27
1 9
1 51
1 30
1 67
1 45
9 45
2 39
2 20
21 51
48 81
48 3
48 30
48 58
39 20
53 37
80 2
80 59
80 3
80 30
80 20
78 53
78 3
78 30
78 37
35 18
35 3
35 30
61 21
61 3
61 51
61 30
18 2
18 3
18 30
18 20
27 21
27 51
59 75
81 58
9 45
2 39
2 20
21 51
48 81
48 3
48 30
48 58
39 20
53 37
80 2
80 59
80 3
80 30
80 20
78 53
78 3
78 30
78 37
35 18
35 3
35 30
61 21
61 3
61 51
61 30
18 2
18 3
18 30
18 20
27 21
27 51
59 75
81 58
2 39
2 20
21 51
39 20
53 37
18 2
18 3
18 30
18 20
59 75
81 58
2 39
2 20
39 20
39 20
100
100 5 1 2 3 4 5
100 5 6 7 8 9 10
100 5 11 12 13 14 15
100 5 16 17 18 19 13
100 5 20 21 22 12 2
100 5 23 24 1 2 25
100 5 5 26 27 8 4
100 5 28 29 30 31 32
100 5 22 20 33 7 34
100 5 27 35 34 36 37
100 5 19 24 38 18 39
100 5 40 35 37 41 42
100 5 33 30 43 35 44
100 5 45 19 46 20 31
100 5 47 48 39 15 12
100 5 49 36 20 8 50
100 5 32 19 13 51 52
100 5 53 22 54 27 55
100 5 56 57 28 58 10
100 5 37 59 16 20 12
100 5 36 11 40 46 60
100 5 43 61 57 62 63
100 5 29 38 64 6 39
100 5 22 65 45 27 66
100 5 41 20 48 50 39
100 5 24 67 64 11 50
100 5 21 45 19 68 69
100 5 16 7 19 70 41
100 5 66 44 57 10 71
100 5 72 14 10 39 8
100 5 36 61 23 9 58
100 5 61 73 33 42 56
100 5 68 20 5 37 23
100 5 13 44 34 3 47
100 5 19 22 58 74 39
100 5 40 31 14 62 5
100 5 48 75 55 61 71
100 5 65 76 54 42 77
100 5 78 48 44 76 71
100 5 70 1 58 39 43
100 5 36 65 67 7 35
100 5 17 75 46 54 23
100 5 78 73 79 80 39
100 5 55 42 9 32 8
100 5 72 9 76 54 53
100 5 52 36 56 37 27
100 5 4 47 48 19 50
100 5 27 26 45 58 5
100 5 58 51 7 1 80
100 5 81 7 43 77 1
100 5 61 60 19 80 37
100 5 77 82 15 53 56
100 5 67 14 61 16 5
100 5 42 69 12 11 59
100 5 67 53 83 69 36
100 5 53 19 64 79 54
100 5 2 1 70 72 23
100 5 5 21 52 35 34
100 5 48 70 53 34 38
100 5 40 36 77 1 19
100 5 42 20 31 35 24
100 5 35 79 1 71 83
100 5 26 77 54 29 76
100 5 6 29 42 37 43
100 5 76 52 65 28 12
100 5 8 40 27 25 17
100 5 59 54 43 76 18
100 5 47 4 32 73 14
100 5 31 2 30 59 28
100 5 74 14 16 83 68
100 5 51 61 50 2 29
100 5 50 77 28 24 69
100 5 32 19 61 57 46
100 5 71 79 19 21 46
100 5 47 49 17 37 56
100 5 9 13 38 33 41
100 5 84 72 61 28 14
100 5 73 18 22 16 40
100 5 21 27 60 82 71
100 5 72 37 49 64 23
100 5 8 66 48 50 67
100 5 70 64 12 39 56
100 5 52 66 68 27 32
100 5 74 70 55 12 25
100 5 4 6 62 55 72
100 5 11 76 9 23 4
100 5 52 63 10 73 21
100 5 44 60 37 58 33
100 5 34 41 3 55 8
100 5 25 73 38 12 81
100 5 38 37 54 21 69
100 5 72 59 69 8 6
100 5 50 2 69 9 43
100 5 75 8 24 67 36
100 5 68 80 78 54 6
100 5 12 53 66 70 10
100 5 63 31 37 35 40
100 5 13 31 17 76 36
100 5 30 4 37 14 22
100 5 81 42 39 43 35