3
59
3 3 3 3 3 7 4 5 5 3 3 5 3 5 4 3 4 6 3 3 4 6 3 5 3 3 3 4 7 3 3 5 4 4 3 3 7 3 3 4 3 5 4 7 5 3 3 7 3 3 7 3 3 3 4 5 3 3 5
11
3 3 3 3 3 3 3 3 3 5 4
14
4 3 4 3 4 3 3 3 3 4 4 5 15 7
469
1 38
1 62
1 24
2 55
2 32
2 56
3 46
3 16
3 42
3 46
3 16
3 42
4 41
4 32
5 64
5 56
7 51
7 56
7 9
7 14
10 43
10 33
10 56
11 65
11 67
11 69
13 25
13 66
13 8
15 43
15 33
15 56
15 24
16 42
17 70
17 56
17 69
18 63
18 22
18 59
18 56
18 12
19 69
20 4
20 41
20 32
21 67
21 66
21 22
21 56
21 69
17 70
17 56
17 69
23 68
23 32
25 66
25 8
26 5
26 64
26 56
27 25
27 66
27 8
28 16
28 22
28 56
28 42
30 23
30 68
30 32
31 60
31 21
31 56
15 43
15 33
15 56
15 24
10 43
10 33
10 56
33 62
33 22
33 56
33 24
34 51
34 7
34 56
34 9
34 14
35 50
35 19
35 69
33 62
33 22
33 56
33 24
36 17
36 70
36 56
38 62
38 24
39 14
10 43
10 33
10 56
3 46
3 16
3 42
2 55
2 32
2 56
40 61
40 70
40 28
40 56
40 42
5 64
5 56
40 61
40 70
40 28
40 56
40 42
41 68
41 32
18 63
18 22
18 59
18 56
18 12
3 46
3 16
3 42
16 42
43 33
43 56
43 24
20 4
20 41
20 32
25 66
25 8
46 16
46 42
3 46
3 16
3 42
47 63
47 22
47 56
38 62
38 24
10 43
10 33
10 56
36 17
36 70
36 56
36 17
36 70
36 56
49 46
49 16
49 42
43 33
43 56
43 24
25 66
25 8
16 42
4 41
4 32
33 62
33 22
33 56
33 24
33 62
33 22
33 56
33 24
50 19
50 69
7 51
7 56
7 9
7 14
41 68
41 32
47 63
47 22
47 56
51 55
51 70
51 33
51 28
51 64
51 21
51 22
51 41
51 39
51 32
51 56
51 9
51 14
41 68
41 32
52 39
52 14
53 61
53 28
53 56
54 61
54 28
54 56
39 14
15 43
15 33
15 56
15 24
55 68
55 22
55 32
55 56
52 39
52 14
43 33
43 56
43 24
57 52
57 39
57 14
53 61
53 28
53 56
58 52
58 39
58 14
2 55
2 32
2 56
21 67
21 66
21 22
21 56
21 69
40 61
40 70
40 28
40 56
40 42
51 55
51 70
51 33
51 28
51 64
51 21
51 22
51 41
51 39
51 32
51 56
51 9
51 14
39 14
38 62
38 24
60 21
60 56
5 64
5 56
61 28
61 56
50 19
50 69
62 24
63 22
63 56
17 70
17 56
17 69
21 67
21 66
21 22
21 56
21 69
64 70
64 22
64 56
65 67
65 69
23 68
23 32
41 68
41 32
66 8
16 42
7 51
7 56
7 9
7 14
67 19
67 69
68 32
28 16
28 22
28 56
28 42
19 69
52 39
52 14
4 41
4 32
33 62
33 22
33 56
33 24
55 68
55 22
55 32
55 56
70 67
70 22
70 56
70 69
43 33
43 56
43 24
25 66
25 8
46 16
46 42
51 55
51 70
51 33
51 28
51 64
51 21
51 22
51 41
51 39
51 32
51 56
51 9
51 14
39 14
67 19
67 69
68 32
28 16
28 22
28 56
28 42
19 69
62 24
21 67
21 66
21 22
21 56
21 69
33 62
33 22
33 56
33 24
64 70
64 22
64 56
55 68
55 22
55 32
55 56
70 67
70 22
70 56
70 69
41 68
41 32
66 8
16 42
39 14
67 19
67 69
68 32
28 16
28 22
28 56
28 42
19 69
62 24
21 67
21 66
21 22
21 56
21 69
33 62
33 22
33 56
33 24
64 70
64 22
64 56
55 68
55 22
55 32
55 56
70 67
70 22
70 56
70 69
41 68
41 32
66 8
16 42
67 19
67 69
68 32
19 69
62 24
70 67
70 22
70 56
70 69
66 8
16 42
67 19
67 69
19 69
19 69
71 22
71 39
71 51
71 56
71 9
71 14
72 23
72 68
72 32
73 17
73 70
73 56
73 69
74 5
74 64
74 56
75 55
75 2
75 32
75 56
76 65
76 67
76 69
77 50
77 19
77 69
78 38
78 62
78 24
79 4
79 41
79 32
80 51
80 7
80 56
80 9
80 14
81 51
81 56
81 9
81 14
100
100 1 1
100 1 2
100 1 3
100 1 3
100 1 4
100 1 5
100 1 6
100 1 7
100 1 8
100 1 9
100 1 10
100 1 11
100 1 9
100 1 12
100 1 13
100 1 14
100 1 15
100 1 16
100 1 17
100 1 18
100 1 19
100 1 20
100 1 21
100 1 17
100 1 22
100 1 23
100 1 24
100 1 12
100 1 25
100 1 26
100 1 27
100 1 28
100 1 29
100 1 30
100 1 31
100 1 15
100 1 10
100 1 32
100 1 33
100 1 34
100 1 35
100 1 33
100 1 36
100 1 37
100 1 38
100 1 39
100 1 10
100 1 3
100 1 2
100 1 40
100 1 5
100 1 40
100 1 41
100 1 18
100 1 42
100 1 3
100 1 16
100 1 43
100 1 20
100 1 25
100 1 44
100 1 45
100 1 46
100 1 3
100 1 47
100 1 38
100 1 48
100 1 10
100 1 36
100 1 36
100 1 49
100 1 43
100 1 25
100 1 16
100 1 4
100 1 33
100 1 33
100 1 42
100 1 50
100 1 7
100 1 41
100 1 47
100 1 51
100 1 41
100 1 52
100 1 53
100 1 54
100 1 39
100 1 15
100 1 55
100 1 52
100 1 43
100 1 56
100 1 57
100 1 53
100 1 58
100 1 2
100 1 21
100 1 59
100 1 40