3
65
3 3 3 4 6 3 3 4 3 3 3 4 3 3 3 3 3 4 3 3 3 4 3 6 3 3 4 3 3 3 3 3 3 3 4 3 3 4 3 4 3 3 4 3 3 3 3 4 3 3 3 3 4 3 3 3 7 3 3 3 3 4 4 4 4
10
5 5 5 5 5 5 5 5 5 5
9
7 5 15 5 7 7 7 7 7
417
1 9
1 19
1 75
2 17
2 25
2 75
3 11
3 20
3 70
4 12
4 18
4 74
4 70
5 13
5 24
5 73
5 74
5 72
6 14
6 21
6 70
7 16
7 23
7 66
8 19
8 24
8 75
8 74
9 19
9 75
10 8
10 75
10 74
11 20
11 70
12 18
12 74
12 70
13 24
13 74
14 21
14 70
15 22
15 74
16 23
16 66
17 25
17 75
18 20
18 24
18 74
18 70
19 75
20 21
20 70
21 70
22 20
22 23
22 24
22 74
22 70
23 66
25 19
25 75
26 9
26 19
26 75
27 8
27 10
27 75
27 74
28 11
28 20
28 70
29 12
29 18
29 74
30 13
30 24
30 74
31 14
31 21
31 70
32 15
32 22
32 74
33 16
33 23
33 66
34 17
34 25
34 75
35 38
35 40
35 74
35 69
36 39
36 41
36 69
37 38
37 40
37 74
38 40
38 74
38 69
13 24
13 74
39 41
39 69
40 41
40 24
40 74
40 69
41 69
42 39
42 41
42 69
43 24
43 56
43 57
43 74
43 71
43 67
44 52
44 56
44 67
45 49
45 53
45 74
46 50
46 54
46 74
47 51
47 55
47 68
48 57
48 63
48 74
48 71
48 67
8 19
8 24
8 75
8 74
13 24
13 74
49 53
49 74
50 54
50 74
51 55
51 68
52 56
52 67
18 20
18 24
18 74
18 70
40 41
40 24
40 74
40 69
19 75
20 21
20 70
53 55
53 24
53 74
53 68
54 18
54 24
54 74
22 20
22 23
22 24
22 74
22 70
55 68
25 19
25 75
56 67
57 8
57 18
57 40
57 53
57 54
57 22
57 24
57 25
57 56
57 75
57 74
57 71
57 67
58 49
58 53
58 74
59 50
59 54
59 74
60 51
60 55
60 68
61 52
61 56
61 67
62 57
62 63
62 74
62 71
62 67
63 57
63 74
63 71
63 67
64 49
64 18
64 53
64 74
64 68
57 8
57 18
57 40
57 53
57 54
57 22
57 24
57 25
57 56
57 75
57 74
57 71
57 67
65 57
65 74
65 71
65 67
57 8
57 18
57 40
57 53
57 54
57 22
57 24
57 25
57 56
57 75
57 74
57 71
57 67
56 67
39 41
39 69
15 22
15 74
50 54
50 74
49 53
49 74
14 21
14 70
41 69
13 24
13 74
12 18
12 74
12 70
22 20
22 23
22 24
22 74
22 70
54 18
54 24
54 74
11 20
11 70
10 8
10 75
10 74
25 19
25 75
9 19
9 75
23 66
55 68
63 57
63 74
63 71
63 67
20 21
20 70
19 75
53 55
53 24
53 74
53 68
21 70
52 56
52 67
17 25
17 75
40 41
40 24
40 74
40 69
18 20
18 24
18 74
18 70
8 19
8 24
8 75
8 74
38 40
38 74
38 69
16 23
16 66
51 55
51 68
57 8
57 18
57 40
57 53
57 54
57 22
57 24
57 25
57 56
57 75
57 74
57 71
57 67
56 67
20 21
20 70
19 75
53 55
53 24
53 74
53 68
21 70
41 69
22 20
22 23
22 24
22 74
22 70
40 41
40 24
40 74
40 69
54 18
54 24
54 74
8 19
8 24
8 75
8 74
18 20
18 24
18 74
18 70
25 19
25 75
23 66
55 68
56 67
20 21
20 70
19 75
53 55
53 24
53 74
53 68
21 70
41 69
22 20
22 23
22 24
22 74
22 70
40 41
40 24
40 74
40 69
54 18
54 24
54 74
8 19
8 24
8 75
8 74
18 20
18 24
18 74
18 70
25 19
25 75
23 66
55 68
20 21
20 70
19 75
21 70
41 69
18 20
18 24
18 74
18 70
23 66
55 68
20 21
20 70
21 70
21 70
5
1 34 1 2 3 4 5 6 7 8 9 10 11 12 13 14 15 16 17 18 19 20 21 22 23 24 25 26 27 28 29 30 31 32 33 34
1 10 35 36 37 38 13 39 40 41 24 42
1 30 43 44 45 46 47 48 8 13 49 50 51 52 18 40 19 20 53 54 22 55 24 25 56 57 58 59 60 61 62 63
1 1 64
1 2 57 65