3
69
3 5 3 3 5 3 3 4 3 3 3 3 5 7 3 15 3 3 3 4 3 3 5 3 4 3 3 3 3 3 3 4 7 3 3 5 4 3 3 3 4 4 6 3 3 6 5 5 3 3 4 3 4 5 4 4 7 4 7 3 4 3 4 5 5 7 3 3 3
8
7 3 3 5 4 3 5 3
7
3 3 3 4 3 3 7
517
1 31
1 5
3 72
3 54
4 50
4 51
4 23
6 69
6 26
6 76
7 55
7 63
7 23
8 20
8 53
8 23
8 76
9 77
9 17
9 73
10 47
6 69
6 26
6 76
11 69
11 26
11 76
12 3
12 72
12 54
15 1
15 5
17 73
18 43
18 23
7 55
7 63
7 23
19 34
19 28
19 23
20 53
20 23
20 76
21 29
21 75
21 76
4 50
4 51
4 23
22 36
24 37
24 23
25 70
25 74
25 23
25 64
25 36
26 76
10 47
27 3
27 72
27 54
28 53
28 43
28 23
25 70
25 74
25 23
25 64
25 36
29 75
29 76
30 32
30 5
30 23
31 5
27 3
27 72
27 54
32 31
32 43
32 5
32 23
34 28
34 23
9 77
9 17
9 73
35 60
35 22
35 36
21 29
21 75
21 76
17 73
27 3
27 72
27 54
37 75
37 17
37 43
37 23
37 76
38 29
38 75
38 76
39 15
39 1
39 5
40 62
40 31
40 5
7 55
7 63
7 23
6 69
6 26
6 76
41 50
41 53
41 51
41 23
41 54
42 43
42 22
42 70
42 23
42 64
42 36
24 37
24 23
1 31
1 5
10 47
44 71
44 10
44 47
45 71
45 10
45 47
30 32
30 5
30 23
46 18
46 43
46 13
46 23
46 2
46 18
46 43
46 13
46 23
46 2
49 15
49 1
49 5
50 51
50 23
51 72
51 43
51 23
51 54
52 50
52 51
52 23
53 75
53 43
53 23
53 76
40 62
40 31
40 5
40 62
40 31
40 5
29 75
29 76
51 72
51 43
51 23
51 54
19 34
19 28
19 23
55 63
55 23
55 47
56 70
56 74
56 23
56 64
56 36
50 51
50 23
32 31
32 43
32 5
32 23
55 63
55 23
55 47
21 29
21 75
21 76
58 70
58 23
58 64
58 36
21 29
21 75
21 76
60 22
60 36
61 55
61 63
61 23
61 47
62 31
62 5
30 32
30 5
30 23
34 28
34 23
63 10
63 43
63 23
63 47
46 18
46 43
46 13
46 23
46 2
7 55
7 63
7 23
35 60
35 22
35 36
44 71
44 10
44 47
6 69
6 26
6 76
1 31
1 5
38 29
38 75
38 76
60 22
60 36
34 28
34 23
9 77
9 17
9 73
17 73
45 71
45 10
45 47
29 75
29 76
20 53
20 23
20 76
26 76
46 18
46 43
46 13
46 23
46 2
67 34
67 28
67 23
27 3
27 72
27 54
21 29
21 75
21 76
51 72
51 43
51 23
51 54
53 75
53 43
53 23
53 76
8 20
8 53
8 23
8 76
68 24
68 37
68 23
67 34
67 28
67 23
1 31
1 5
44 71
44 10
44 47
39 15
39 1
39 5
37 75
37 17
37 43
37 23
37 76
55 63
55 23
55 47
44 71
44 10
44 47
69 26
69 76
70 32
70 53
70 63
70 51
70 28
70 37
70 43
70 1
70 22
70 5
70 23
70 64
70 36
71 10
71 47
22 36
24 37
24 23
34 28
34 23
50 51
50 23
69 26
69 76
18 43
18 23
10 47
37 75
37 17
37 43
37 23
37 76
20 53
20 23
20 76
28 53
28 43
28 23
29 75
29 76
62 31
62 5
1 31
1 5
17 73
72 54
74 70
74 23
74 64
74 36
75 26
75 76
31 5
51 72
51 43
51 23
51 54
26 76
60 22
60 36
15 1
15 5
63 10
63 43
63 23
63 47
32 31
32 43
32 5
32 23
53 75
53 43
53 23
53 76
55 63
55 23
55 47
77 17
77 73
3 72
3 54
70 32
70 53
70 63
70 51
70 28
70 37
70 43
70 1
70 22
70 5
70 23
70 64
70 36
22 36
75 26
75 76
31 5
51 72
51 43
51 23
51 54
26 76
10 47
37 75
37 17
37 43
37 23
37 76
63 10
63 43
63 23
63 47
28 53
28 43
28 23
32 31
32 43
32 5
32 23
53 75
53 43
53 23
53 76
1 31
1 5
17 73
72 54
22 36
75 26
75 76
31 5
51 72
51 43
51 23
51 54
26 76
10 47
37 75
37 17
37 43
37 23
37 76
63 10
63 43
63 23
63 47
28 53
28 43
28 23
32 31
32 43
32 5
32 23
53 75
53 43
53 23
53 76
1 31
1 5
17 73
72 54
75 26
75 76
31 5
26 76
10 47
53 75
53 43
53 23
53 76
17 73
72 54
75 26
75 76
26 76
26 76
78 60
78 22
78 36
79 77
79 17
79 73
80 62
80 31
80 5
81 32
81 30
81 5
81 23
82 20
82 53
82 23
83 18
83 43
83 23
30
100 5 1 2 3 4 5
100 5 6 7 8 9 10
100 5 6 11 12 13 14
100 5 15 5 16 17 18
100 5 2 7 19 20 21
100 5 4 22 23 24 25
100 5 26 10 27 23 28
100 5 25 29 30 13 31
100 5 27 32 33 34 9
100 5 35 21 17 36 27
100 5 16 37 38 39 40
100 5 7 6 14 41 42
100 5 24 1 10 43 14
100 5 44 45 30 46 47
100 5 46 33 48 49 50
100 5 23 51 52 53 40
100 5 40 33 16 29 54
100 5 51 19 55 56 50
100 5 32 55 57 21 58
100 5 21 23 2 33 59
100 5 60 61 62 30 34
100 5 63 46 7 35 2
100 5 64 44 6 65 1
100 5 38 60 34 23 9
100 5 47 66 17 45 65
100 5 66 29 20 65 26
100 5 46 67 27 21 48
100 5 51 53 8 36 68
100 5 67 1 59 44 39
100 5 59 37 55 44 69